image: semantic_map.pgm
mode: trinary
resolution: 0.050000
origin: [-0.821145, -1.848495, 0.000000]
negate: 0
occupied_thresh: 0.65
free_thresh: 0.25
